%YAML:1.0
---
calibration_date: "2025-07-18 16:38:36.414127"
camera_resolution: !!opencv-matrix
   rows: 2
   cols: 1
   dt: d
   data: [ 1200., 1600. ]
camera_matrix: !!opencv-matrix
   rows: 3
   cols: 3
   dt: d
   data: [ 913.85121757412912, 0., 845.25142265567183, 0.,
       913.03192010272812, 650.98733021282612, 0., 0., 1. ]
distortion_coefficients: !!opencv-matrix
   rows: 1
   cols: 5
   dt: d
   data: [ 0.055667923176828504, -0.099330935956914335,
       -0.00041811993954246612, -4.0623969384192967e-05,
       0.033904796620118985 ]
